%YAML:1.0
---
R: !!opencv-matrix
   rows: 3
   cols: 3
   dt: d
   data: [ -4.7838664088483318e-01, 6.8587588979636560e-01,
       -5.4837987346270201e-01, -8.2564162393148222e-01,
       -5.6399951289963468e-01, 1.4847837578562256e-02,
       -2.9910220770617890e-01, 4.5986825640069817e-01,
       8.3609751590365966e-01 ]
T: !!opencv-matrix
   rows: 3
   cols: 1
   dt: d
   data: [ 7.5055753021120220e-01, 2.5494486782598347e-01,
       -1.1806534193856021e-01 ]
R1: !!opencv-matrix
   rows: 3
   cols: 3
   dt: d
   data: [ 6.3768835450181893e-01, 7.4139359322509701e-01,
       -2.0901938297091527e-01, -6.6661256677248582e-01,
       3.9518142894704811e-01, -6.3202794561345754e-01,
       -3.8598089117696088e-01, 5.4237180802485374e-01,
       7.4622488132337872e-01 ]
R2: !!opencv-matrix
   rows: 3
   cols: 3
   dt: d
   data: [ 3.1806442338592855e-01, -9.4775115986806502e-01,
       -2.4551202514638604e-02, 9.3653536564036155e-01,
       3.1811670044847074e-01, -1.4732031021095682e-01,
       1.4743314241055638e-01, 2.3864280096326490e-02,
       9.8878408394069173e-01 ]
P1: !!opencv-matrix
   rows: 3
   cols: 4
   dt: d
   data: [ -2.9554718824078464e+03, 0., 3.8347866779565811e+02, 0., 0.,
       -2.9554718824078464e+03, 1.1399627685546875e+01, 0., 0., 0., 1.,
       0. ]
P2: !!opencv-matrix
   rows: 3
   cols: 4
   dt: d
   data: [ -2.9554718824078464e+03, 0., 3.8347866779565811e+02, 0., 0.,
       -2.9554718824078464e+03, 1.1399627685546875e+01,
       -2.3685722483655954e+03, 0., 0., 1., 0. ]
Q: !!opencv-matrix
   rows: 4
   cols: 4
   dt: d
   data: [ 1., 0., 0., -3.8347866779565811e+02, 0., 1., 0.,
       -1.1399627685546875e+01, 0., 0., 0., -2.9554718824078464e+03, 0.,
       0., -1.2477862494788723e+00, 0. ]
