%YAML:1.0
---
R: !!opencv-matrix
   rows: 3
   cols: 3
   dt: d
   data: [ 9.9443818288767205e-01, 5.2672743915662602e-02,
       9.1204618652023603e-02, -5.5718242578505897e-02,
       9.9795979819451797e-01, 3.1172401760540300e-02,
       -8.9376606889212298e-02, -3.6080787629329703e-02,
       9.9534416103427203e-01 ]
T: !!opencv-matrix
   rows: 3
   cols: 1
   dt: d
   data: [ -1.6177065211708100e+03, 3.1640990691478901e+01,
       1.8504936743888099e+01 ]
R1: !!opencv-matrix
   rows: 3
   cols: 3
   dt: d
   data: [ 9.9629464202124618e-01, 3.3557596997235560e-02,
       7.9188849994985211e-02, -3.4910610578901526e-02,
       9.9926611310202262e-01, 1.5763390339135035e-02,
       -7.8601752835197214e-02, -1.8469512439335652e-02,
       9.9673499063767590e-01 ]
R2: !!opencv-matrix
   rows: 3
   cols: 3
   dt: d
   data: [ 9.9974339301067650e-01, -1.9554147169551849e-02,
       -1.1436059634840887e-02, 1.9355337935983596e-02,
       9.9966394917947321e-01, -1.7244117961884464e-02,
       1.1769410558052786e-02, 1.7018344201802357e-02,
       9.9978590554965563e-01 ]
P1: !!opencv-matrix
   rows: 3
   cols: 4
   dt: d
   data: [ 7.5495122005109511e+02, 0., 9.0991295623779297e+02, 0., 0.,
       7.5495122005109511e+02, 5.3807648086547852e+02, 0., 0., 0., 1.,
       0. ]
P2: !!opencv-matrix
   rows: 3
   cols: 4
   dt: d
   data: [ 7.5495122005109511e+02, 0., 9.0991295623779297e+02,
       -1.2216029837063132e+06, 0., 7.5495122005109511e+02,
       5.3807648086547852e+02, 0., 0., 0., 1., 0. ]
Q: !!opencv-matrix
   rows: 4
   cols: 4
   dt: d
   data: [ 1., 0., 0., -9.0991295623779297e+02, 0., 1., 0.,
       -5.3807648086547852e+02, 0., 0., 0., 7.5495122005109511e+02, 0.,
       0., 6.1800047161033591e-04, 0. ]
