%YAML:1.0
---
R: !!opencv-matrix
   rows: 3
   cols: 3
   dt: d
   data: [ 9.9963428781337316e-01, -9.6607918101675599e-03,
       2.5257864704896781e-02, 9.9748051595442006e-03,
       9.9987415517506706e-01, -1.2336007254177144e-02,
       -2.5135510535483494e-02, 1.2583438105167447e-02,
       9.9960485352741957e-01 ]
T: !!opencv-matrix
   rows: 3
   cols: 1
   dt: d
   data: [ -7.7687827056996048e-02, -7.4690731026095614e-04,
       1.6894499971470442e-03 ]
R1: !!opencv-matrix
   rows: 3
   cols: 3
   dt: d
   data: [ 9.9999416751634806e-01, -3.2134559654781365e-04,
       3.4002456225402256e-03, 3.4254698391605941e-04,
       9.9998049412715195e-01, -6.2365075788350013e-03,
       -3.3981752235331536e-03, 6.2376359483891052e-03,
       9.9997477183323258e-01 ]
R2: !!opencv-matrix
   rows: 3
   cols: 3
   dt: d
   data: [ 9.9971744485953662e-01, 9.6114963701205269e-03,
       -2.1740505537970869e-02, -9.4757025223361994e-03,
       9.9993500219908793e-01, 6.3405393160334616e-03,
       2.1800034523540859e-02, -6.1327412008933650e-03,
       9.9974354110448516e-01 ]
P1: !!opencv-matrix
   rows: 3
   cols: 4
   dt: d
   data: [ 4.2691548814529199e+02, 0., 3.3076678085327148e+02, 0., 0.,
       4.2691548814529199e+02, 1.7793321037292480e+02, 0., 0., 0., 1.,
       0. ]
P2: !!opencv-matrix
   rows: 3
   cols: 4
   dt: d
   data: [ 4.2691548814529199e+02, 0., 3.3076678085327148e+02,
       -3.3175510522019991e+01, 0., 4.2691548814529199e+02,
       1.7793321037292480e+02, 0., 0., 0., 1., 0. ]
Q: !!opencv-matrix
   rows: 4
   cols: 4
   dt: d
   data: [ 1., 0., 0., -3.3076678085327148e+02, 0., 1., 0.,
       -1.7793321037292480e+02, 0., 0., 0., 4.2691548814529199e+02, 0.,
       0., 1.2868392420425005e+01, 0. ]
