%YAML:1.0
---
M1: !!opencv-matrix
   rows: 3
   cols: 3
   dt: d
   data: [ 4.7014872125875337e+02, 0., 3.1832994718508127e+02, 0.,
       4.6725183249416898e+02, 1.8087218085701721e+02, 0., 0., 1. ]
D1: !!opencv-matrix
   rows: 1
   cols: 14
   dt: d
   data: [ 1.0278538288163158e-01, -1.7730374474991975e-01, 0., 0., 0.,
       0., 0., 1.1484948923604975e-01, 0., 0., 0., 0., 0., 0. ]
M2: !!opencv-matrix
   rows: 3
   cols: 3
   dt: d
   data: [ 4.7014872125875337e+02, 0., 3.2919697174122319e+02, 0.,
       4.6725183249416898e+02, 1.7542768163717190e+02, 0., 0., 1. ]
D2: !!opencv-matrix
   rows: 1
   cols: 14
   dt: d
   data: [ 9.5265589623599281e-02, -1.1184485720964057e-01, 0., 0., 0.,
       0., 0., 1.2171058605495999e-01, 0., 0., 0., 0., 0., 0. ]
