%YAML:1.0
---
M1: !!opencv-matrix
   rows: 3
   cols: 3
   dt: d
   data: [ 1.2108084879938001e+03, 0., 1.0301517170970501e+03, 0.,
       1.2007263312223199e+03, 5.2692690771021205e+02, 0., 0., 1. ]
D1: !!opencv-matrix
   rows: 5
   cols: 1
   dt: d
   data: [ -3.4045789172597901e-01, 1.2582930869133899e-01,
       -1.7930544351794000e-03, -1.8208902792590999e-02, 0. ]
M2: !!opencv-matrix
   rows: 3
   cols: 3
   dt: d
   data: [ 1.1482907622536000e+03, 0., 9.3384453954811704e+02, 0.,
       1.1480400812805201e+03, 5.4966944859739601e+02, 0., 0., 1. ]
D2: !!opencv-matrix
   rows: 5
   cols: 1
   dt: d
   data: [ -3.6306125414500001e-01, 1.2560112614225999e-01,
       -6.9506292528124700e-04, 9.0438349296676993e-03, 0. ]
