%YAML:1.0
---
M1: !!opencv-matrix
   rows: 3
   cols: 3
   dt: d
   data: [ 1.1614123263785775e+03, 0., 7.9632227486029035e+02, 0.,
       1.1636754997276043e+03, 4.6001231523418915e+02, 0., 0., 1. ]
D1: !!opencv-matrix
   rows: 14
   cols: 1
   dt: d
   data: [ 2.2463820652602173e+01, -1.1762941876533952e+02, 0., 0., 0.,
       0., 0., -8.5701188250634587e+01, 0., 0., 0., 0., 0., 0. ]
M2: !!opencv-matrix
   rows: 3
   cols: 3
   dt: d
   data: [ 1.1614123263785775e+03, 0., 5.0446524247230639e+02, 0.,
       1.1636754997276043e+03, 1.9144066760791557e+02, 0., 0., 1. ]
D2: !!opencv-matrix
   rows: 14
   cols: 1
   dt: d
   data: [ -1.9700949141069002e-01, 1.8581928314432516e+00, 0., 0., 0.,
       0., 0., 1.4355409914894970e+00, 0., 0., 0., 0., 0., 0. ]
